0 -2.20518e-11
0.0628 0.125435
0.1256 0.249881
0.1884 0.372354
0.2512 0.491883
0.314 0.607513
0.3768 0.718313
0.4396 0.823381
0.5024 0.921848
0.5652 1.01289
0.628 1.09571
0.6908 1.16958
0.7536 1.23382
0.8164 1.2878
0.8792 1.33095
0.942 1.36279
1.0048 1.38289
1.0676 1.39087
1.1304 1.38647
1.1932 1.36947
1.256 1.33975
1.3188 1.29724
1.3816 1.24199
1.4444 1.1741
1.5072 1.09377
1.57 1.00125
1.6328 0.896904
1.6956 0.781154
1.7584 0.654503
1.8212 0.517528
1.884 0.370876
1.9468 0.215262
2.0096 0.0514684
2.0724 -0.119664
2.1352 -0.297237
2.198 -0.480297
2.2608 -0.667846
2.3236 -0.858841
2.3864 -1.0522
2.4492 -1.24682
2.512 -1.44155
2.5748 -1.63524
2.6376 -1.82672
2.7004 -2.0148
2.7632 -2.1983
2.826 -2.37605
2.8888 -2.54688
2.9516 -2.70964
3.0144 -2.8632
3.0772 -3.00647
3.14 -3.1384
3.2028 -3.25797
3.2656 -3.36421
3.3284 -3.45622
3.3912 -3.53313
3.454 -3.59416
3.5168 -3.63861
3.5796 -3.66582
3.6424 -3.67523
3.7052 -3.66637
3.768 -3.63884
3.8308 -3.59235
3.8936 -3.52668
3.9564 -3.44172
4.0192 -3.33745
4.082 -3.21397
4.1448 -3.07145
4.2076 -2.91017
4.2704 -2.73052
4.3332 -2.53297
4.396 -2.31812
4.4588 -2.08664
4.5216 -1.8393
4.5844 -1.57697
4.6472 -1.30061
4.71 -1.01125
4.7728 -0.710021
4.8356 -0.398126
4.8984 -0.0768387
4.9612 0.252498
5.024 0.58848
5.0868 0.929644
5.1496 1.27448
5.2124 1.62143
5.2752 1.96891
5.338 2.31529
5.4008 2.65893
5.4636 2.99818
5.5264 3.33136
5.5892 3.65683
5.652 3.97292
5.7148 4.278
5.7776 4.57045
5.8404 4.8487
5.9032 5.11122
5.966 5.3565
6.0288 5.58313
6.0916 5.78973
6.1544 5.975
6.2172 6.13773
6.28 6.27678
