1 7.40491
2 7.40491
3 4.15094
4 2.83349
5 2.73559
6 1.8276
7 1.58652
8 1.31178
9 0.997607
10 0.904494
11 0.752537
12 0.639435
13 0.56622
14 0.481693
15 0.430403
16 0.382413
17 0.333391
18 0.3052
19 0.273604
20 0.246454
21 0.226094
22 0.204605
23 0.1883
24 0.173528
25 0.158394
26 0.147973
27 0.137057
28 0.12704
29 0.119059
30 0.110822
31 0.103945
32 0.097711
33 0.0913687
34 0.0864796
35 0.0815447
36 0.0768628
37 0.072991
38 0.0690318
39 0.0655521
40 0.0623786
41 0.0591614
42 0.0565167
43 0.0538913
44 0.0513508
45 0.0491965
46 0.0470046
47 0.0450152
48 0.0431903
49 0.0413442
50 0.0397622
51 0.0382059
52 0.0366801
53 0.0353629
54 0.0340268
55 0.0327873
56 0.0316447
57 0.0304905
58 0.0294721
59 0.0284758
60 0.0274901
61 0.0266276
62 0.0257546
63 0.0249317
64 0.0241699
65 0.0234689
66 0.0228491
67 0.0222528
68 0.0216787
69 0.0211258
70 0.0205931
71 0.0200798
72 0.0195848
73 0.0191074
74 0.0186468
75 0.0182023
76 0.0177731
77 0.0173585
78 0.0169579
79 0.0165707
80 0.0161964
81 0.0158343
82 0.015484
83 0.015145
84 0.0148168
85 0.014499
86 0.0141911
87 0.0138927
88 0.0136035
89 0.0133231
90 0.0130511
91 0.0127873
92 0.0125312
93 0.0122827
94 0.0120414
95 0.011807
96 0.0115793
97 0.0113581
98 0.011143
99 0.010934
100 0.0107307
101 0.0105329
102 0.0103405
103 0.0101533
104 0.00997108
105 0.00979365
106 0.00962086
107 0.00945257
108 0.00928861
109 0.00912884
110 0.00897311
111 0.00882131
112 0.00867328
113 0.00852893
114 0.00838811
115 0.00825073
116 0.00811666
117 0.00798581
118 0.00785808
119 0.00773336
120 0.00761156
121 0.0074926
122 0.00737639
123 0.00726284
124 0.00715188
125 0.00704342
126 0.00693739
127 0.00683372
128 0.00673235
129 0.0066332
130 0.00653621
131 0.00644132
132 0.00634847
133 0.0062576
134 0.00616866
135 0.00608159
136 0.00599634
137 0.00591286
138 0.0058311
139 0.00575102
140 0.00567256
141 0.0055957
142 0.00552037
143 0.00544655
144 0.0053742
145 0.00530327
146 0.00523373
147 0.00516554
148 0.00509867
149 0.00503308
150 0.00496874
151 0.00490563
152 0.0048437
153 0.00478294
154 0.00472331
155 0.00466478
156 0.00460732
157 0.00455092
158 0.00449555
159 0.00444117
160 0.00438777
161 0.00433533
162 0.00428381
163 0.00423321
164 0.00418349
165 0.00413464
166 0.00408664
167 0.00403947
168 0.0039931
169 0.00394753
170 0.00390273
171 0.00385869
172 0.00381538
173 0.0037728
174 0.00373093
175 0.00368974
176 0.00364923
177 0.00360939
178 0.00357019
179 0.00353162
180 0.00349367
181 0.00345633
182 0.00341959
183 0.00338342
184 0.00334783
185 0.00331279
186 0.0032783
187 0.00324472
188 0.00321181
189 0.00317939
190 0.00314746
191 0.00311601
192 0.00308502
193 0.00305449
194 0.00302441
195 0.00299477
196 0.00296556
197 0.00293678
198 0.00290841
199 0.00288044
200 0.00285288
201 0.00282571
202 0.00279892
203 0.00277251
204 0.00274647
205 0.00272079
206 0.00269548
207 0.00267051
208 0.00264588
209 0.00262159
210 0.00259764
211 0.00257401
212 0.0025507
213 0.0025277
214 0.00250501
215 0.00248263
216 0.00246054
217 0.00243875
218 0.00241724
219 0.00239601
220 0.00237506
221 0.00235439
222 0.00233398
223 0.00231383
224 0.00229395
225 0.00227432
226 0.00225494
227 0.0022358
228 0.00221691
229 0.00219825
230 0.00217983
231 0.00216163
232 0.00214367
233 0.00212592
234 0.0021084
235 0.00209109
236 0.00207399
237 0.0020571
238 0.00204041
239 0.00202393
240 0.00200764
241 0.00199155
242 0.00197565
243 0.00195994
244 0.00194442
245 0.00192908
246 0.00191392
247 0.00189894
248 0.00188413
249 0.0018695
250 0.00185503
251 0.00184073
252 0.00182659
253 0.00181262
254 0.00179881
255 0.00178515
256 0.00177165
257 0.0017583
258 0.0017451
259 0.00173204
260 0.00171914
261 0.00170637
262 0.00169375
263 0.00168127
264 0.00166892
265 0.00165671
266 0.00164463
267 0.00163269
268 0.00162087
269 0.00160918
270 0.00159762
271 0.00158618
272 0.00157486
273 0.00156366
274 0.00155258
275 0.00154162
276 0.00153078
277 0.00152004
278 0.00150942
279 0.00149891
280 0.00148851
281 0.00147822
282 0.00146803
283 0.00145795
284 0.00144797
285 0.0014381
286 0.00142832
287 0.00141864
288 0.00140907
289 0.00139958
290 0.0013902
291 0.0013809
292 0.0013717
293 0.00136259
294 0.00135357
295 0.00134464
296 0.0013358
297 0.00132705
298 0.00131838
299 0.00130979
300 0.00130129
301 0.00129287
302 0.00128453
303 0.00127627
304 0.0012681
305 0.00126
306 0.00125197
307 0.00124403
308 0.00123615
309 0.00122836
310 0.00122063
311 0.00121298
312 0.0012054
313 0.00119789
314 0.00119045
315 0.00118308
316 0.00117578
317 0.00116855
318 0.00116138
319 0.00115428
320 0.00114724
321 0.00114027
322 0.00113336
323 0.00112651
324 0.00111972
325 0.001113
326 0.00110633
327 0.00109973
328 0.00109318
329 0.00108669
330 0.00108026
331 0.00107389
332 0.00106757
333 0.00106131
334 0.0010551
335 0.00104895
336 0.00104285
337 0.0010368
338 0.00103081
339 0.00102487
340 0.00101897
341 0.00101313
342 0.00100734
343 0.0010016
344 0.00099591
345 0.000990266
346 0.000984669
347 0.000979121
348 0.000973618
349 0.000968162
350 0.000962752
351 0.000957387
352 0.000952066
353 0.00094679
354 0.000941557
355 0.000936368
356 0.000931221
357 0.000926117
358 0.000921054
359 0.000916033
360 0.000911052
361 0.000906112
362 0.000901212
363 0.000896352
364 0.000891531
365 0.000886748
366 0.000882004
367 0.000877298
368 0.000872629
369 0.000867998
370 0.000863403
371 0.000858845
372 0.000854322
373 0.000849835
374 0.000845384
375 0.000840967
376 0.000836584
377 0.000832236
378 0.000827922
379 0.000823641
380 0.000819393
381 0.000815178
382 0.000810995
383 0.000806844
384 0.000802725
385 0.000798638
386 0.000794581
387 0.000790556
388 0.00078656
389 0.000782596
390 0.00077866
391 0.000774755
392 0.000770879
393 0.000767031
394 0.000763213
395 0.000759423
396 0.000755661
397 0.000751927
398 0.00074822
399 0.000744541
400 0.000740889
401 0.000737263
402 0.000733664
403 0.000730092
404 0.000726545
405 0.000723024
406 0.000719529
407 0.000716059
408 0.000712614
409 0.000709193
410 0.000705797
411 0.000702426
412 0.000699079
413 0.000695755
414 0.000692455
415 0.000689179
416 0.000685925
417 0.000682695
418 0.000679487
419 0.000676302
420 0.000673139
421 0.000669999
422 0.00066688
423 0.000663783
424 0.000660708
425 0.000657653
426 0.00065462
427 0.000651608
428 0.000648617
429 0.000645646
430 0.000642695
431 0.000639765
432 0.000636854
433 0.000633963
434 0.000631092
435 0.000628241
436 0.000625409
437 0.000622595
438 0.000619801
439 0.000617026
440 0.000614269
441 0.00061153
442 0.00060881
443 0.000606108
444 0.000603423
445 0.000600757
446 0.000598108
447 0.000595477
448 0.000592863
449 0.000590266
450 0.000587686
451 0.000585123
452 0.000582577
453 0.000580047
454 0.000577533
455 0.000575036
456 0.000572556
457 0.000570091
458 0.000567642
459 0.000565208
460 0.000562791
461 0.000560389
462 0.000558002
463 0.00055563
464 0.000553274
465 0.000550932
466 0.000548605
467 0.000546293
468 0.000543996
469 0.000541713
470 0.000539444
471 0.000537189
472 0.000534949
473 0.000532722
474 0.00053051
475 0.000528311
476 0.000526126
477 0.000523954
478 0.000521796
479 0.000519651
480 0.000517519
481 0.0005154
482 0.000513295
483 0.000511202
484 0.000509122
485 0.000507054
486 0.000504999
487 0.000502957
488 0.000500927
489 0.000498909
490 0.000496903
491 0.00049491
492 0.000492928
493 0.000490958
494 0.000489001
495 0.000487054
496 0.00048512
497 0.000483196
498 0.000481285
499 0.000479384
500 0.000477495
501 0.000475617
502 0.00047375
503 0.000471894
504 0.000470048
505 0.000468214
506 0.00046639
507 0.000464577
508 0.000462775
509 0.000460983
510 0.000459201
511 0.00045743
512 0.000455668
513 0.000453917
514 0.000452176
515 0.000450445
516 0.000448724
517 0.000447013
518 0.000445312
519 0.00044362
520 0.000441938
521 0.000440265
522 0.000438602
523 0.000436949
524 0.000435304
525 0.000433669
526 0.000432043
527 0.000430426
528 0.000428819
529 0.00042722
530 0.00042563
531 0.000424049
532 0.000422477
533 0.000420913
534 0.000419358
535 0.000417812
536 0.000416275
537 0.000414745
538 0.000413224
539 0.000411712
540 0.000410208
541 0.000408712
542 0.000407224
543 0.000405744
544 0.000404273
545 0.000402809
546 0.000401353
547 0.000399905
548 0.000398465
549 0.000397033
550 0.000395609
551 0.000394192
552 0.000392782
553 0.00039138
554 0.000389986
555 0.000388599
556 0.00038722
557 0.000385848
558 0.000384483
559 0.000383125
560 0.000381775
561 0.000380431
562 0.000379095
563 0.000377766
564 0.000376443
565 0.000375128
566 0.00037382
567 0.000372518
568 0.000371223
569 0.000369935
570 0.000368653
571 0.000367379
572 0.00036611
573 0.000364849
574 0.000363594
575 0.000362345
576 0.000361103
577 0.000359867
578 0.000358637
579 0.000357414
580 0.000356197
581 0.000354986
582 0.000353782
583 0.000352583
584 0.000351391
585 0.000350204
586 0.000349024
587 0.000347849
588 0.000346681
589 0.000345518
590 0.000344361
591 0.00034321
592 0.000342065
593 0.000340925
594 0.000339791
595 0.000338663
596 0.000337541
597 0.000336424
598 0.000335312
599 0.000334206
600 0.000333105
601 0.00033201
602 0.000330921
603 0.000329836
604 0.000328757
605 0.000327683
606 0.000326615
607 0.000325551
608 0.000324493
609 0.00032344
610 0.000322392
611 0.00032135
612 0.000320312
613 0.000319279
614 0.000318251
615 0.000317229
616 0.000316211
617 0.000315198
618 0.00031419
619 0.000313186
620 0.000312188
621 0.000311194
622 0.000310205
623 0.000309221
624 0.000308241
625 0.000307266
626 0.000306296
627 0.00030533
628 0.000304369
629 0.000303412
630 0.00030246
631 0.000301512
632 0.000300569
633 0.00029963
634 0.000298696
635 0.000297766
636 0.00029684
637 0.000295918
638 0.000295001
639 0.00029409
640 0.000293185
641 0.000292284
642 0.000291387
643 0.000290494
644 0.000289605
645 0.00028872
646 0.000287839
647 0.000286963
648 0.00028609
649 0.000285221
650 0.000284357
651 0.000283496
652 0.000282639
653 0.000281786
654 0.000280937
655 0.000280091
656 0.00027925
657 0.000278412
658 0.000277578
659 0.000276748
660 0.000275921
661 0.000275098
662 0.000274279
663 0.000273464
664 0.000272652
665 0.000271843
666 0.000271039
667 0.000270238
668 0.00026944
669 0.000268646
670 0.000267855
671 0.000267068
672 0.000266285
673 0.000265504
674 0.000264728
675 0.000263954
676 0.000263184
677 0.000262418
678 0.000261654
679 0.000260895
680 0.000260138
681 0.000259385
682 0.000258634
683 0.000257888
684 0.000257144
685 0.000256404
686 0.000255666
687 0.000254932
688 0.000254201
689 0.000253474
690 0.000252749
691 0.000252028
692 0.000251309
693 0.000250594
694 0.000249881
695 0.000249172
696 0.000248466
697 0.000247763
698 0.000247062
699 0.000246365
700 0.00024567
701 0.000244979
702 0.00024429
703 0.000243605
704 0.000242922
705 0.000242242
706 0.000241565
707 0.000240891
708 0.000240219
709 0.000239551
710 0.000238885
711 0.000238222
712 0.000237562
713 0.000236904
714 0.000236249
715 0.000235597
716 0.000234948
717 0.000234301
718 0.000233657
719 0.000233016
720 0.000232377
721 0.000231741
722 0.000231107
723 0.000230476
724 0.000229848
725 0.000229222
726 0.000228599
727 0.000227978
728 0.00022736
729 0.000226744
730 0.000226131
731 0.00022552
732 0.000224912
733 0.000224306
734 0.000223703
735 0.000223102
736 0.000222503
737 0.000221907
738 0.000221313
739 0.000220722
740 0.000220133
741 0.000219546
742 0.000218962
743 0.00021838
744 0.000217801
745 0.000217223
746 0.000216648
747 0.000216075
748 0.000215505
749 0.000214937
750 0.000214371
751 0.000213807
752 0.000213245
753 0.000212686
754 0.000212129
755 0.000211574
756 0.000211021
757 0.000210471
758 0.000209922
759 0.000209376
760 0.000208832
761 0.00020829
762 0.00020775
763 0.000207212
764 0.000206676
765 0.000206142
766 0.000205611
767 0.000205081
768 0.000204554
769 0.000204028
770 0.000203505
771 0.000202983
772 0.000202464
773 0.000201946
774 0.000201431
775 0.000200917
776 0.000200405
777 0.000199896
778 0.000199388
779 0.000198882
780 0.000198379
781 0.000197877
782 0.000197377
783 0.000196879
784 0.000196382
785 0.000195888
786 0.000195395
787 0.000194905
788 0.000194416
789 0.000193929
790 0.000193444
791 0.00019296
792 0.000192479
793 0.000191999
794 0.000191521
795 0.000191045
796 0.000190571
797 0.000190098
798 0.000189627
799 0.000189158
800 0.000188691
801 0.000188225
802 0.000187761
803 0.000187299
804 0.000186838
805 0.00018638
806 0.000185923
807 0.000185467
808 0.000185013
809 0.000184561
810 0.000184111
811 0.000183662
812 0.000183215
813 0.000182769
814 0.000182325
815 0.000181883
816 0.000181442
817 0.000181003
818 0.000180566
819 0.00018013
820 0.000179695
821 0.000179263
822 0.000178831
823 0.000178402
824 0.000177974
825 0.000177547
826 0.000177122
827 0.000176699
828 0.000176277
829 0.000175856
830 0.000175437
831 0.00017502
832 0.000174604
833 0.000174189
834 0.000173776
835 0.000173364
836 0.000172954
837 0.000172546
838 0.000172138
839 0.000171733
840 0.000171328
841 0.000170925
842 0.000170524
843 0.000170124
844 0.000169725
845 0.000169328
846 0.000168932
847 0.000168537
848 0.000168144
849 0.000167752
850 0.000167362
851 0.000166973
852 0.000166585
853 0.000166199
854 0.000165814
855 0.00016543
856 0.000165048
857 0.000164667
858 0.000164287
859 0.000163909
860 0.000163532
861 0.000163156
862 0.000162782
863 0.000162408
864 0.000162036
865 0.000161666
866 0.000161296
867 0.000160928
868 0.000160562
869 0.000160196
870 0.000159832
871 0.000159468
872 0.000159107
873 0.000158746
874 0.000158387
875 0.000158028
876 0.000157671
877 0.000157316
878 0.000156961
879 0.000156608
880 0.000156256
881 0.000155905
882 0.000155555
883 0.000155206
884 0.000154859
885 0.000154512
886 0.000154167
887 0.000153823
888 0.00015348
889 0.000153139
890 0.000152798
891 0.000152459
892 0.00015212
893 0.000151783
894 0.000151447
895 0.000151112
896 0.000150778
897 0.000150446
898 0.000150114
899 0.000149784
900 0.000149454
901 0.000149126
902 0.000148799
903 0.000148472
904 0.000148147
905 0.000147823
906 0.0001475
907 0.000147178
908 0.000146857
909 0.000146538
910 0.000146219
911 0.000145901
912 0.000145584
913 0.000145269
914 0.000144954
915 0.00014464
916 0.000144328
917 0.000144016
918 0.000143706
919 0.000143396
920 0.000143087
921 0.00014278
922 0.000142473
923 0.000142168
924 0.000141863
925 0.000141559
926 0.000141256
927 0.000140955
928 0.000140654
929 0.000140354
930 0.000140055
931 0.000139757
932 0.000139461
933 0.000139165
934 0.00013887
935 0.000138575
936 0.000138282
937 0.00013799
938 0.000137699
939 0.000137408
940 0.000137119
941 0.00013683
942 0.000136542
943 0.000136256
944 0.00013597
945 0.000135685
946 0.000135401
947 0.000135118
948 0.000134835
949 0.000134554
950 0.000134273
951 0.000133994
952 0.000133715
953 0.000133437
954 0.00013316
955 0.000132884
956 0.000132609
957 0.000132334
958 0.000132061
959 0.000131788
960 0.000131516
961 0.000131245
962 0.000130975
963 0.000130705
964 0.000130437
965 0.000130169
966 0.000129902
967 0.000129636
968 0.00012937
969 0.000129106
970 0.000128842
971 0.000128579
972 0.000128317
973 0.000128056
974 0.000127796
975 0.000127536
976 0.000127277
977 0.000127019
978 0.000126762
979 0.000126505
980 0.000126249
981 0.000125994
982 0.00012574
983 0.000125487
984 0.000125234
985 0.000124982
986 0.000124731
987 0.000124481
988 0.000124231
989 0.000123982
990 0.000123734
991 0.000123487
992 0.00012324
993 0.000122994
994 0.000122749
995 0.000122504
996 0.000122261
997 0.000122018
998 0.000121775
999 0.000121534
1000 0.000121293
1001 0.000121053
1002 0.000120813
1003 0.000120575
1004 0.000120337
1005 0.000120099
1006 0.000119863
1007 0.000119627
1008 0.000119392
1009 0.000119157
1010 0.000118923
1011 0.00011869
1012 0.000118458
1013 0.000118226
1014 0.000117995
1015 0.000117765
1016 0.000117535
1017 0.000117306
1018 0.000117078
1019 0.00011685
1020 0.000116623
1021 0.000116396
1022 0.000116171
1023 0.000115946
1024 0.000115721
1025 0.000115497
1026 0.000115274
1027 0.000115052
1028 0.00011483
1029 0.000114609
1030 0.000114388
1031 0.000114168
1032 0.000113949
1033 0.00011373
1034 0.000113512
1035 0.000113295
1036 0.000113078
1037 0.000112862
1038 0.000112646
1039 0.000112431
1040 0.000112217
1041 0.000112003
1042 0.00011179
1043 0.000111578
1044 0.000111366
1045 0.000111155
1046 0.000110944
1047 0.000110734
1048 0.000110524
1049 0.000110316
1050 0.000110107
1051 0.0001099
1052 0.000109692
1053 0.000109486
1054 0.00010928
1055 0.000109075
1056 0.00010887
1057 0.000108666
1058 0.000108462
1059 0.000108259
1060 0.000108056
1061 0.000107854
1062 0.000107653
1063 0.000107452
1064 0.000107252
1065 0.000107052
1066 0.000106853
1067 0.000106655
1068 0.000106457
1069 0.000106259
1070 0.000106062
1071 0.000105866
1072 0.00010567
1073 0.000105475
1074 0.00010528
1075 0.000105086
1076 0.000104892
1077 0.000104699
1078 0.000104506
1079 0.000104314
1080 0.000104123
1081 0.000103932
1082 0.000103741
1083 0.000103551
1084 0.000103362
1085 0.000103173
1086 0.000102985
1087 0.000102797
1088 0.000102609
1089 0.000102422
1090 0.000102236
1091 0.00010205
1092 0.000101865
1093 0.00010168
1094 0.000101496
1095 0.000101312
1096 0.000101129
1097 0.000100946
1098 0.000100763
1099 0.000100582
1100 0.0001004
1101 0.000100219
1102 0.000100039
1103 9.98591e-05
