1 6.27838
2 6.27837
3 6.27837
4 6.27836
5 6.27836
6 6.27835
7 6.27835
8 6.27834
9 6.27834
10 6.27833
11 6.27833
12 6.27832
13 6.27832
14 6.27831
15 6.27831
16 6.2783
17 6.2783
18 6.2783
19 6.27829
20 6.27829
21 6.27828
22 6.27828
23 6.27827
24 6.27827
25 6.27826
26 6.27826
27 6.27826
28 6.27825
29 6.27825
30 6.27824
31 6.27824
32 6.27823
33 6.27823
34 6.27822
35 6.27822
36 6.27821
37 6.27821
38 6.27821
39 6.2782
40 6.2782
41 6.27819
42 6.27819
43 6.27818
44 6.27818
45 6.27817
46 6.27817
47 6.27817
48 6.27816
49 6.27816
50 6.27815
51 6.27815
52 6.27814
53 6.27814
54 6.27813
55 6.27813
56 6.27813
57 6.27812
58 6.27812
59 6.27811
60 6.27811
61 6.2781
62 6.2781
63 6.27809
64 6.27809
65 6.27809
66 6.27808
67 6.27808
68 6.27807
69 6.27807
70 6.27806
71 6.27806
72 6.27805
73 6.27805
74 6.27805
75 6.27804
76 6.27804
77 6.27803
78 6.27803
79 6.27802
80 6.27802
81 6.27801
82 6.27801
83 6.27801
84 6.278
85 6.278
86 6.27799
87 6.27799
88 6.27798
89 6.27798
90 6.27797
91 6.27797
92 6.27797
93 6.27796
94 6.27796
95 6.27795
96 6.27795
97 6.27794
98 6.27794
99 6.27793
100 6.27793
101 6.27793
102 6.27792
103 6.27792
104 6.27791
105 6.27791
106 6.2779
107 6.2779
108 6.27789
109 6.27789
110 6.27789
111 6.27788
112 6.27788
113 6.27787
114 6.27787
115 6.27786
116 6.27786
117 6.27785
118 6.27785
119 6.27785
120 6.27784
121 6.27784
122 6.27783
123 6.27783
124 6.27782
125 6.27782
126 6.27781
127 6.27781
128 6.27781
129 6.2778
130 6.2778
131 6.27779
132 6.27779
133 6.27778
134 6.27778
135 6.27778
136 6.27777
137 6.27777
138 6.27776
139 6.27776
140 6.27775
141 6.27775
142 6.27774
143 6.27774
144 6.27774
145 6.27773
146 6.27773
147 6.27772
148 6.27772
149 6.27771
150 6.27771
151 6.27771
152 6.2777
153 6.2777
154 6.27769
155 6.27769
156 6.27768
157 6.27768
158 6.27767
159 6.27767
160 6.27767
161 6.27766
162 6.27766
163 6.27765
164 6.27765
165 6.27764
166 6.27764
167 6.27764
168 6.27763
169 6.27763
170 6.27762
171 6.27762
172 6.27761
173 6.27761
174 6.2776
175 6.2776
176 6.2776
177 6.27759
178 6.27759
179 6.27758
180 6.27758
181 6.27757
182 6.27757
183 6.27757
184 6.27756
185 6.27756
186 6.27755
187 6.27755
188 6.27754
189 6.27754
190 6.27754
191 6.27753
192 6.27753
193 6.27752
194 6.27752
195 6.27751
196 6.27751
197 6.27751
198 6.2775
199 6.2775
200 6.27749
201 6.27749
202 6.27748
203 6.27748
204 6.27748
205 6.27747
206 6.27747
207 6.27746
208 6.27746
209 6.27745
210 6.27745
211 6.27745
212 6.27744
213 6.27744
214 6.27743
215 6.27743
216 6.27742
217 6.27742
218 6.27742
219 6.27741
220 6.27741
221 6.2774
222 6.2774
223 6.27739
224 6.27739
225 6.27739
226 6.27738
227 6.27738
228 6.27737
229 6.27737
230 6.27737
231 6.27736
232 6.27736
233 6.27735
234 6.27735
235 6.27734
236 6.27734
237 6.27734
238 6.27733
239 6.27733
240 6.27732
241 6.27732
242 6.27731
243 6.27731
244 6.27731
245 6.2773
246 6.2773
247 6.27729
248 6.27729
249 6.27729
250 6.27728
251 6.27728
252 6.27727
253 6.27727
254 6.27726
255 6.27726
256 6.27726
257 6.27725
258 6.27725
259 6.27724
260 6.27724
261 6.27723
262 6.27723
263 6.27723
264 6.27722
265 6.27722
266 6.27721
267 6.27721
268 6.27721
269 6.2772
270 6.2772
271 6.27719
272 6.27719
273 6.27719
274 6.27718
275 6.27718
276 6.27717
277 6.27717
278 6.27716
279 6.27716
280 6.27716
281 6.27715
282 6.27715
283 6.27714
284 6.27714
285 6.27714
286 6.27713
287 6.27713
288 6.27712
289 6.27712
290 6.27712
291 6.27711
292 6.27711
293 6.2771
294 6.2771
295 6.27709
296 6.27709
297 6.27709
298 6.27708
299 6.27708
300 6.27707
301 6.27707
302 6.27707
303 6.27706
304 6.27706
305 6.27705
306 6.27705
307 6.27705
308 6.27704
309 6.27704
310 6.27703
311 6.27703
312 6.27703
313 6.27702
314 6.27702
315 6.27701
316 6.27701
317 6.27701
318 6.277
319 6.277
320 6.27699
321 6.27699
322 6.27699
323 6.27698
324 6.27698
325 6.27697
326 6.27697
327 6.27697
328 6.27696
329 6.27696
330 6.27695
331 6.27695
332 6.27695
333 6.27694
334 6.27694
335 6.27693
336 6.27693
337 6.27693
338 6.27692
339 6.27692
340 6.27691
341 6.27691
342 6.27691
343 6.2769
344 6.2769
345 6.27689
346 6.27689
347 6.27689
348 6.27688
349 6.27688
350 6.27687
351 6.27687
352 6.27687
353 6.27686
354 6.27686
355 6.27686
356 6.27685
357 6.27685
358 6.27684
359 6.27684
360 6.27684
361 6.27683
362 6.27683
363 6.27682
364 6.27682
365 6.27682
366 6.27681
367 6.27681
368 6.2768
369 6.2768
370 6.2768
371 6.27679
372 6.27679
373 6.27679
374 6.27678
375 6.27678
376 6.27677
377 6.27677
378 6.27677
379 6.27676
380 6.27676
381 6.27675
382 6.27675
383 6.27675
384 6.27674
385 6.27674
386 6.27674
387 6.27673
388 6.27673
389 6.27672
390 6.27672
391 6.27672
392 6.27671
393 6.27671
394 6.27671
395 6.2767
396 6.2767
397 6.27669
398 6.27669
399 6.27669
400 6.27668
401 6.27668
402 6.27668
403 6.27667
404 6.27667
405 6.27666
406 6.27666
407 6.27666
408 6.27665
409 6.27665
410 6.27665
411 6.27664
412 6.27664
413 6.27663
414 6.27663
415 6.27663
416 6.27662
417 6.27662
418 6.27662
419 6.27661
420 6.27661
421 6.2766
422 6.2766
423 6.2766
424 6.27659
425 6.27659
426 6.27659
427 6.27658
428 6.27658
429 6.27658
430 6.27657
431 6.27657
432 6.27656
433 6.27656
434 6.27656
435 6.27655
436 6.27655
437 6.27655
438 6.27654
439 6.27654
440 6.27654
441 6.27653
442 6.27653
443 6.27652
444 6.27652
445 6.27652
446 6.27651
447 6.27651
448 6.27651
449 6.2765
450 6.2765
451 6.2765
452 6.27649
453 6.27649
454 6.27648
455 6.27648
456 6.27648
457 6.27647
458 6.27647
459 6.27647
460 6.27646
461 6.27646
462 6.27646
463 6.27645
464 6.27645
465 6.27645
466 6.27644
467 6.27644
468 6.27644
469 6.27643
470 6.27643
471 6.27642
472 6.27642
473 6.27642
474 6.27641
475 6.27641
476 6.27641
477 6.2764
478 6.2764
479 6.2764
480 6.27639
481 6.27639
482 6.27639
483 6.27638
484 6.27638
485 6.27638
486 6.27637
487 6.27637
488 6.27637
489 6.27636
490 6.27636
491 6.27636
492 6.27635
