0 1 1.005
0.0628 0.996064 1.02487
0.1256 0.984348 1.01488
0.1884 0.965128 0.994461
0.2512 0.938848 0.965626
0.314 0.906109 0.929505
0.3768 0.86764 0.887175
0.4396 0.824277 0.83977
0.5024 0.776929 0.788467
0.5652 0.726548 0.734449
0.628 0.674095 0.678868
0.6908 0.620516 0.622804
0.7536 0.566707 0.56723
0.8164 0.513498 0.512987
0.8792 0.46163 0.460771
0.942 0.41174 0.411123
1.0048 0.364356 0.364435
1.0676 0.319893 0.320959
1.1304 0.278648 0.280826
1.1932 0.240815 0.244063
1.256 0.206483 0.210618
1.3188 0.175655 0.180382
1.3816 0.148255 0.153211
1.4444 0.124147 0.128942
1.5072 0.103142 0.107408
1.57 0.0850173 0.0884426
1.6328 0.0695273 0.0718904
1.6956 0.0564128 0.0576022
1.7584 0.0454124 0.0454345
1.8212 0.0362698 0.0352445
1.884 0.0287403 0.0268844
1.9468 0.0225949 0.0201966
2.0096 0.017624 0.0150105
2.0724 0.0136387 0.011141
2.1352 0.0104717 0.00838995
2.198 0.00797691 0.00655022
2.2608 0.00602874 0.00541213
2.3236 0.00452057 0.00477144
2.3864 0.00336306 0.00443833
2.4492 0.00248227 0.00424617
2.512 0.00181777 0.00405931
2.5748 0.0013207 0.00377872
2.6376 0.000952011 0.0033451
2.7004 0.000680856 0.00273886
2.7632 0.000483106 0.00197685
2.826 0.000340098 0.00110628
2.8888 0.000237542 0.000196111
2.9516 0.000164608 -0.000673087
3.0144 0.000113171 -0.0014199
3.0772 7.71962e-05 -0.00197245
3.14 5.22432e-05 -0.00227736
3.2028 3.50783e-05 -0.00230639
3.2656 2.3368e-05 -0.0020602
3.3284 1.54447e-05 -0.0015688
3.3912 1.01277e-05 -0.000888726
3.454 6.58895e-06 -9.72542e-05
3.5168 4.25302e-06 0.000715735
3.5796 2.72365e-06 0.00145736
3.6424 1.73054e-06 0.00204179
3.7052 1.0909e-06 0.00239969
3.768 6.82281e-07 0.00248604
3.8308 4.23366e-07 0.00228543
3.8936 2.60641e-07 0.00181429
3.9564 1.59201e-07 0.00111975
4.0192 9.64763e-08 0.000275164
4.082 5.80057e-08 -0.000627286
4.1448 3.46016e-08 -0.00148618
4.2076 2.04783e-08 -0.00220166
4.2704 1.20245e-08 -0.00268646
4.3332 7.00514e-09 -0.00287581
4.396 4.04892e-09 -0.00273536
4.4588 2.32186e-09 -0.00226612
4.5216 1.32101e-09 -0.00150582
4.5844 7.45681e-10 -0.000526516
4.6472 4.17612e-10 0.000571611
4.71 2.32043e-10 0.00166955
4.7728 1.2792e-10 0.00264121
4.8356 6.99649e-11 0.00336645
4.8984 3.79663e-11 0.00374416
4.9612 2.04404e-11 0.00370409
5.024 1.09184e-11 0.00321621
5.0868 5.78626e-12 0.00229669
5.1496 3.04238e-12 0.00100963
5.2124 1.5871e-12 -0.00053563
5.2752 8.21426e-13 -0.00219159
5.338 4.218e-13 -0.00378356
5.4008 2.14892e-13 -0.00512358
5.4636 1.0862e-13 -0.00602604
5.5264 5.44716e-14 -0.00632363
5.5892 2.71023e-14 -0.00588193
5.652 1.33788e-14 -0.00461128
5.7148 6.55244e-15 -0.00247408
5.7776 3.18392e-15 0.000513716
5.8404 1.53496e-15 0.00428909
5.9032 7.34185e-16 0.00875957
5.966 3.48409e-16 0.0138403
6.0288 1.64039e-16 0.0195353
6.0916 7.66264e-17 0.0261591
6.1544 3.55128e-17 0.0351853
6.2172 1.63292e-17 0.0551853
6.28 7.44939e-18 0.920338
